0.105433E-04 0.198223E+08
0.116423E-04 0.198223E+08
0.128559E-04 0.198223E+08
0.141959E-04 0.198223E+08
0.156756E-04 0.198222E+08
0.173096E-04 0.198222E+08
0.191139E-04 0.198222E+08
0.211063E-04 0.198222E+08
0.233063E-04 0.198222E+08
0.257357E-04 0.198221E+08
0.284183E-04 0.198221E+08
0.313805E-04 0.198221E+08
0.346515E-04 0.198220E+08
0.382634E-04 0.198219E+08
0.422518E-04 0.198219E+08
0.466560E-04 0.198218E+08
0.515193E-04 0.198217E+08
0.568894E-04 0.198215E+08
0.628194E-04 0.198214E+08
0.693674E-04 0.198211E+08
0.765980E-04 0.198209E+08
0.845823E-04 0.198206E+08
0.933988E-04 0.198202E+08
0.103134E-03 0.198197E+08
0.113885E-03 0.198192E+08
0.125756E-03 0.198185E+08
0.138864E-03 0.198177E+08
0.153339E-03 0.198167E+08
0.169322E-03 0.198154E+08
0.186972E-03 0.198140E+08
0.206461E-03 0.198121E+08
0.227981E-03 0.198099E+08
0.251745E-03 0.198073E+08
0.277986E-03 0.198041E+08
0.306963E-03 0.198002E+08
0.338959E-03 0.197955E+08
0.374291E-03 0.197898E+08
0.413306E-03 0.197830E+08
0.456387E-03 0.197748E+08
0.503959E-03 0.197651E+08
0.556490E-03 0.197534E+08
0.614497E-03 0.197397E+08
0.678549E-03 0.197234E+08
0.749279E-03 0.197042E+08
0.827381E-03 0.196818E+08
0.913624E-03 0.196557E+08
0.100886E-02 0.196253E+08
0.111402E-02 0.195901E+08
0.123014E-02 0.195496E+08
0.135836E-02 0.195029E+08
0.149995E-02 0.194494E+08
0.165630E-02 0.193882E+08
0.182895E-02 0.193184E+08
0.201959E-02 0.192390E+08
0.223011E-02 0.191490E+08
0.246256E-02 0.190471E+08
0.271925E-02 0.189323E+08
0.300270E-02 0.188031E+08
0.331569E-02 0.186585E+08
0.366130E-02 0.184968E+08
0.404294E-02 0.183169E+08
0.446436E-02 0.181173E+08
0.492971E-02 0.178966E+08
0.544357E-02 0.176532E+08
0.601098E-02 0.173857E+08
0.663755E-02 0.170928E+08
0.732942E-02 0.167729E+08
0.809341E-02 0.164246E+08
0.893704E-02 0.160465E+08
0.986860E-02 0.156372E+08
0.108973E-01 0.151954E+08
0.120332E-01 0.147196E+08
0.132874E-01 0.142088E+08
0.146725E-01 0.136620E+08
0.162019E-01 0.130785E+08
0.178907E-01 0.124770E+08
0.197556E-01 0.118245E+08
0.218148E-01 0.111395E+08
0.240887E-01 0.104133E+08
0.265996E-01 0.967749E+07
0.293723E-01 0.893916E+07
0.324339E-01 0.819516E+07
0.358147E-01 0.747556E+07
0.395479E-01 0.679722E+07
0.436702E-01 0.617882E+07
0.480373E-01 0.565151E+07
0.524043E-01 0.523553E+07
0.567713E-01 0.489631E+07
0.611383E-01 0.460853E+07
0.655053E-01 0.434978E+07
0.698724E-01 0.410433E+07
0.742394E-01 0.386302E+07
0.786064E-01 0.362932E+07
0.829734E-01 0.339439E+07
0.873405E-01 0.316904E+07
0.917075E-01 0.295922E+07
0.971317E-01 0.272797E+07
0.102556E+00 0.253544E+07
0.107980E+00 0.238245E+07
0.113404E+00 0.226246E+07
0.118828E+00 0.216424E+07
0.124253E+00 0.207641E+07
0.129677E+00 0.199014E+07
0.135101E+00 0.190013E+07
0.140525E+00 0.180511E+07
0.145949E+00 0.170750E+07
0.151373E+00 0.161169E+07
0.156798E+00 0.152234E+07
0.162222E+00 0.144335E+07
0.167646E+00 0.137691E+07
0.173070E+00 0.132257E+07
0.178494E+00 0.127756E+07
0.183918E+00 0.123817E+07
0.189343E+00 0.120096E+07
0.194767E+00 0.116323E+07
0.200191E+00 0.112336E+07
0.205615E+00 0.108124E+07
0.211039E+00 0.103807E+07
0.216463E+00 0.995698E+06
0.221888E+00 0.955880E+06
0.227312E+00 0.919916E+06
0.232736E+00 0.888417E+06
0.238160E+00 0.861186E+06
0.243584E+00 0.837365E+06
0.249008E+00 0.815752E+06
0.254433E+00 0.795094E+06
0.259857E+00 0.774340E+06
0.265281E+00 0.752914E+06
0.270705E+00 0.730835E+06
0.276129E+00 0.708561E+06
0.281553E+00 0.686692E+06
0.286978E+00 0.665798E+06
0.292402E+00 0.646361E+06
0.297826E+00 0.628662E+06
0.303250E+00 0.612674E+06
0.308674E+00 0.598085E+06
0.314098E+00 0.584454E+06
0.319523E+00 0.571360E+06
0.324947E+00 0.558461E+06
0.330371E+00 0.545532E+06
0.335795E+00 0.532511E+06
0.341219E+00 0.519509E+06
0.346643E+00 0.506742E+06
0.352068E+00 0.494426E+06
0.357492E+00 0.482723E+06
0.362916E+00 0.471724E+06
0.368340E+00 0.461434E+06
0.373764E+00 0.451772E+06
0.379189E+00 0.442598E+06
0.384613E+00 0.433760E+06
0.390037E+00 0.425132E+06
0.395461E+00 0.416629E+06
0.400885E+00 0.408206E+06
0.406309E+00 0.399879E+06
0.411734E+00 0.391708E+06
0.417158E+00 0.383770E+06
0.422582E+00 0.376120E+06
0.428006E+00 0.368783E+06
0.433430E+00 0.361766E+06
0.438854E+00 0.355060E+06
0.444279E+00 0.348625E+06
0.449703E+00 0.342400E+06
0.455127E+00 0.336332E+06
0.460551E+00 0.330393E+06
0.465975E+00 0.324569E+06
0.471399E+00 0.318851E+06
0.476824E+00 0.313241E+06
0.482248E+00 0.307762E+06
0.487672E+00 0.302439E+06
0.493096E+00 0.297286E+06
0.498520E+00 0.292299E+06
0.503944E+00 0.287471E+06
0.509369E+00 0.282795E+06
0.514793E+00 0.278257E+06
0.520217E+00 0.273836E+06
0.525641E+00 0.269512E+06
0.531065E+00 0.265279E+06
0.536489E+00 0.261134E+06
0.541914E+00 0.257077E+06
0.547338E+00 0.253106E+06
0.552762E+00 0.249227E+06
0.558186E+00 0.245446E+06
0.563610E+00 0.241767E+06
0.569034E+00 0.238183E+06
0.574459E+00 0.234689E+06
0.579883E+00 0.231281E+06
0.604325E+00 0.216846E+06
0.640940E+00 0.197672E+06
0.679774E+00 0.180136E+06
0.948700E+00 0.105511E+06
0.132402E+01 0.610340E+05
0.184782E+01 0.349295E+05
0.257884E+01 0.198069E+05
0.359905E+01 0.111425E+05
0.502288E+01 0.622493E+04
0.701000E+01 0.345661E+04
0.978324E+01 0.190915E+04
0.136536E+02 0.104943E+04
0.190552E+02 0.574379E+03
0.265936E+02 0.313120E+03
0.371144E+02 0.170041E+03
0.517973E+02 0.919755E+02
0.722889E+02 0.495226E+02
0.100887E+03 0.265050E+02
0.140800E+03 0.140605E+02
0.196502E+03 0.735526E+01
0.274240E+03 0.376474E+01
0.382733E+03 0.187040E+01
0.534147E+03 0.903877E+00
0.745462E+03 0.436687E+00
0.104038E+04 0.217930E+00
0.145196E+04 0.109154E+00
0.202638E+04 0.559703E-01
0.282804E+04 0.288753E-01
0.394684E+04 0.151160E-01
0.550826E+04 0.795651E-02
0.768740E+04 0.418642E-02
0.107286E+05 0.220958E-02
